%%MatrixMarket matrix array real general
442 10
59.0000
48.0000
72.0000
24.0000
50.0000
23.0000
36.0000
66.0000
60.0000
29.0000
22.0000
56.0000
53.0000
50.0000
61.0000
34.0000
47.0000
68.0000
38.0000
41.0000
35.0000
25.0000
25.0000
61.0000
31.0000
30.0000
19.0000
42.0000
63.0000
67.0000
32.0000
42.0000
58.0000
57.0000
53.0000
62.0000
52.0000
46.0000
48.0000
48.0000
50.0000
21.0000
32.0000
54.0000
61.0000
56.0000
33.0000
27.0000
67.0000
37.0000
58.0000
65.0000
34.0000
46.0000
35.0000
37.0000
37.0000
41.0000
60.0000
66.0000
29.0000
37.0000
41.0000
39.0000
67.0000
36.0000
46.0000
60.0000
59.0000
53.0000
48.0000
48.0000
66.0000
52.0000
52.0000
46.0000
40.0000
22.0000
50.0000
20.0000
68.0000
52.0000
44.0000
38.0000
49.0000
61.0000
29.0000
61.0000
34.0000
36.0000
52.0000
61.0000
43.0000
35.0000
27.0000
29.0000
64.0000
41.0000
49.0000
48.0000
53.0000
53.0000
23.0000
65.0000
41.0000
55.0000
22.0000
56.0000
54.0000
59.0000
60.0000
54.0000
25.0000
54.0000
55.0000
40.0000
62.0000
65.0000
33.0000
53.0000
35.0000
66.0000
62.0000
50.0000
47.0000
47.0000
24.0000
58.0000
34.0000
51.0000
31.0000
22.0000
53.0000
37.0000
28.0000
47.0000
23.0000
50.0000
58.0000
55.0000
60.0000
41.0000
60.0000
40.0000
57.0000
37.0000
40.0000
33.0000
32.0000
35.0000
55.0000
49.0000
39.0000
60.0000
67.0000
41.0000
44.0000
48.0000
45.0000
47.0000
46.0000
36.0000
34.0000
53.0000
61.0000
37.0000
33.0000
68.0000
49.0000
48.0000
55.0000
43.0000
60.0000
31.0000
53.0000
67.0000
61.0000
62.0000
60.0000
42.0000
38.0000
62.0000
61.0000
61.0000
53.0000
28.0000
26.0000
30.0000
50.0000
48.0000
51.0000
47.0000
64.0000
51.0000
30.0000
56.0000
42.0000
62.0000
34.0000
60.0000
64.0000
39.0000
71.0000
48.0000
79.0000
40.0000
49.0000
51.0000
57.0000
59.0000
51.0000
74.0000
67.0000
49.0000
57.0000
56.0000
52.0000
69.0000
37.0000
24.0000
55.0000
36.0000
42.0000
21.0000
41.0000
57.0000
20.0000
67.0000
34.0000
41.0000
38.0000
51.0000
52.0000
67.0000
61.0000
67.0000
56.0000
64.0000
58.0000
55.0000
62.0000
57.0000
20.0000
53.0000
32.0000
41.0000
60.0000
26.0000
37.0000
45.0000
67.0000
34.0000
50.0000
71.0000
57.0000
49.0000
35.0000
41.0000
70.0000
52.0000
60.0000
62.0000
44.0000
28.0000
58.0000
39.0000
34.0000
65.0000
66.0000
51.0000
50.0000
59.0000
52.0000
69.0000
53.0000
47.0000
52.0000
39.0000
67.0000
59.0000
51.0000
23.0000
68.0000
44.0000
60.0000
52.0000
38.0000
61.0000
68.0000
28.0000
65.0000
69.0000
51.0000
29.0000
55.0000
34.0000
67.0000
49.0000
55.0000
59.0000
53.0000
48.0000
52.0000
69.0000
60.0000
46.0000
51.0000
67.0000
49.0000
46.0000
47.0000
75.0000
28.0000
65.0000
42.0000
51.0000
53.0000
54.0000
73.0000
54.0000
42.0000
75.0000
55.0000
68.0000
57.0000
48.0000
61.0000
69.0000
38.0000
45.0000
51.0000
71.0000
57.0000
56.0000
32.0000
50.0000
43.0000
54.0000
31.0000
56.0000
44.0000
57.0000
64.0000
43.0000
19.0000
71.0000
50.0000
59.0000
57.0000
49.0000
41.0000
25.0000
52.0000
34.0000
42.0000
28.0000
47.0000
32.0000
43.0000
59.0000
53.0000
60.0000
54.0000
35.0000
49.0000
58.0000
36.0000
46.0000
44.0000
46.0000
54.0000
63.0000
41.0000
28.0000
19.0000
61.0000
48.0000
54.0000
53.0000
48.0000
53.0000
29.0000
62.0000
50.0000
58.0000
55.0000
54.0000
36.0000
63.0000
47.0000
51.0000
42.0000
37.0000
28.0000
58.0000
32.0000
25.0000
63.0000
52.0000
65.0000
42.0000
53.0000
79.0000
43.0000
44.0000
62.0000
33.0000
56.0000
66.0000
34.0000
46.0000
50.0000
69.0000
34.0000
71.0000
47.0000
41.0000
34.0000
51.0000
43.0000
55.0000
59.0000
27.0000
51.0000
49.0000
27.0000
57.0000
39.0000
62.0000
37.0000
46.0000
68.0000
51.0000
41.0000
53.0000
45.0000
33.0000
60.0000
47.0000
60.0000
36.0000
36.0000
2.0000
1.0000
2.0000
1.0000
1.0000
1.0000
2.0000
2.0000
2.0000
1.0000
1.0000
2.0000
1.0000
2.0000
1.0000
2.0000
1.0000
2.0000
1.0000
1.0000
1.0000
2.0000
1.0000
2.0000
1.0000
2.0000
1.0000
1.0000
1.0000
2.0000
1.0000
1.0000
2.0000
1.0000
1.0000
2.0000
1.0000
1.0000
2.0000
2.0000
2.0000
1.0000
2.0000
1.0000
2.0000
2.0000
1.0000
1.0000
2.0000
2.0000
1.0000
2.0000
1.0000
1.0000
1.0000
1.0000
1.0000
1.0000
1.0000
2.0000
1.0000
2.0000
2.0000
1.0000
2.0000
2.0000
2.0000
2.0000
2.0000
1.0000
1.0000
1.0000
2.0000
2.0000
2.0000
2.0000
2.0000
1.0000
1.0000
1.0000
1.0000
2.0000
1.0000
1.0000
1.0000
1.0000
2.0000
1.0000
2.0000
1.0000
1.0000
1.0000
1.0000
1.0000
1.0000
1.0000
2.0000
1.0000
2.0000
1.0000
1.0000
2.0000
1.0000
2.0000
1.0000
2.0000
1.0000
1.0000
2.0000
2.0000
2.0000
1.0000
1.0000
2.0000
1.0000
2.0000
2.0000
1.0000
2.0000
1.0000
1.0000
1.0000
2.0000
2.0000
1.0000
2.0000
1.0000
2.0000
1.0000
1.0000
2.0000
1.0000
2.0000
2.0000
1.0000
1.0000
1.0000
1.0000
2.0000
1.0000
2.0000
1.0000
2.0000
1.0000
2.0000
1.0000
2.0000
1.0000
2.0000
2.0000
1.0000
1.0000
2.0000
2.0000
2.0000
2.0000
1.0000
2.0000
1.0000
1.0000
1.0000
2.0000
1.0000
2.0000
1.0000
1.0000
2.0000
1.0000
2.0000
1.0000
2.0000
1.0000
2.0000
2.0000
2.0000
1.0000
2.0000
1.0000
1.0000
1.0000
2.0000
1.0000
2.0000
2.0000
1.0000
2.0000
2.0000
1.0000
1.0000
1.0000
1.0000
2.0000
2.0000
2.0000
1.0000
2.0000
1.0000
2.0000
1.0000
1.0000
1.0000
2.0000
2.0000
2.0000
2.0000
1.0000
2.0000
1.0000
1.0000
2.0000
1.0000
1.0000
1.0000
1.0000
1.0000
2.0000
2.0000
1.0000
1.0000
1.0000
2.0000
1.0000
2.0000
1.0000
1.0000
2.0000
2.0000
2.0000
1.0000
2.0000
2.0000
1.0000
2.0000
1.0000
1.0000
2.0000
1.0000
1.0000
2.0000
1.0000
2.0000
2.0000
2.0000
2.0000
2.0000
1.0000
1.0000
1.0000
1.0000
1.0000
1.0000
2.0000
1.0000
1.0000
2.0000
1.0000
1.0000
2.0000
2.0000
1.0000
1.0000
1.0000
2.0000
2.0000
2.0000
2.0000
2.0000
1.0000
2.0000
1.0000
2.0000
2.0000
1.0000
2.0000
1.0000
2.0000
1.0000
1.0000
2.0000
2.0000
2.0000
2.0000
1.0000
1.0000
2.0000
1.0000
1.0000
1.0000
2.0000
2.0000
2.0000
1.0000
1.0000
1.0000
2.0000
2.0000
1.0000
1.0000
2.0000
2.0000
1.0000
2.0000
1.0000
1.0000
2.0000
2.0000
2.0000
2.0000
1.0000
2.0000
1.0000
1.0000
1.0000
2.0000
1.0000
1.0000
2.0000
1.0000
1.0000
1.0000
1.0000
1.0000
2.0000
2.0000
1.0000
1.0000
2.0000
1.0000
1.0000
2.0000
2.0000
2.0000
1.0000
2.0000
2.0000
1.0000
1.0000
2.0000
1.0000
1.0000
1.0000
2.0000
2.0000
1.0000
1.0000
2.0000
2.0000
2.0000
1.0000
2.0000
2.0000
2.0000
2.0000
1.0000
2.0000
2.0000
2.0000
2.0000
1.0000
2.0000
1.0000
1.0000
2.0000
2.0000
2.0000
1.0000
2.0000
2.0000
2.0000
1.0000
1.0000
2.0000
2.0000
1.0000
1.0000
2.0000
1.0000
2.0000
2.0000
1.0000
1.0000
2.0000
1.0000
2.0000
2.0000
2.0000
1.0000
1.0000
2.0000
2.0000
2.0000
1.0000
2.0000
1.0000
1.0000
1.0000
2.0000
1.0000
1.0000
2.0000
1.0000
1.0000
2.0000
1.0000
1.0000
2.0000
1.0000
1.0000
1.0000
2.0000
2.0000
1.0000
1.0000
1.0000
2.0000
1.0000
1.0000
1.0000
1.0000
1.0000
1.0000
2.0000
2.0000
2.0000
2.0000
1.0000
2.0000
2.0000
2.0000
1.0000
1.0000
2.0000
1.0000
1.0000
1.0000
1.0000
1.0000
2.0000
2.0000
2.0000
1.0000
1.0000
32.1000
21.6000
30.5000
25.3000
23.0000
22.6000
22.0000
26.2000
32.1000
30.0000
18.6000
28.0000
23.7000
26.2000
24.0000
24.7000
30.3000
27.5000
25.4000
24.7000
21.1000
24.3000
26.0000
32.0000
29.7000
25.2000
19.2000
31.9000
24.4000
25.8000
30.5000
20.3000
38.0000
21.7000
20.5000
23.5000
28.5000
27.4000
33.0000
27.7000
25.6000
20.1000
25.4000
24.2000
32.7000
23.1000
25.3000
19.6000
22.5000
27.7000
25.7000
27.9000
25.5000
24.9000
28.7000
21.8000
30.2000
20.5000
20.4000
24.0000
26.0000
26.8000
25.7000
22.9000
24.0000
24.1000
24.7000
25.0000
23.6000
22.1000
19.9000
29.5000
26.0000
24.5000
26.6000
23.5000
29.0000
23.0000
21.0000
22.9000
27.5000
24.3000
23.1000
27.3000
22.7000
33.0000
19.4000
25.8000
22.6000
21.9000
24.0000
31.2000
26.8000
20.4000
24.8000
21.0000
27.3000
34.6000
25.9000
20.4000
28.0000
22.2000
29.0000
30.2000
32.4000
23.4000
19.3000
31.0000
30.6000
25.5000
23.4000
26.8000
28.3000
27.7000
36.6000
26.5000
31.8000
24.4000
25.4000
22.0000
26.8000
28.0000
33.9000
29.6000
28.6000
25.6000
20.7000
26.2000
20.6000
27.9000
35.3000
19.9000
24.4000
21.4000
30.4000
31.6000
18.8000
31.0000
36.7000
32.1000
27.7000
30.8000
27.5000
26.9000
30.7000
38.3000
31.9000
35.0000
27.8000
25.9000
32.9000
26.0000
26.3000
22.3000
28.3000
32.0000
25.4000
23.3000
20.3000
30.4000
20.6000
32.3000
29.2000
33.1000
24.6000
20.2000
20.8000
32.8000
31.9000
23.9000
24.5000
22.1000
33.0000
19.0000
27.3000
22.8000
28.2000
28.9000
25.6000
24.9000
26.8000
22.4000
26.9000
23.1000
28.6000
24.7000
30.3000
21.3000
26.1000
20.2000
25.2000
22.5000
23.5000
25.9000
20.9000
28.7000
22.1000
26.7000
31.4000
22.2000
21.0000
21.2000
26.5000
29.2000
27.0000
30.7000
28.8000
30.6000
30.1000
24.7000
27.7000
29.8000
26.7000
19.8000
23.3000
35.1000
29.7000
29.3000
20.3000
22.5000
22.7000
22.8000
24.0000
24.2000
20.2000
29.4000
22.1000
23.6000
25.2000
24.9000
33.0000
23.5000
26.4000
29.8000
30.0000
25.0000
27.0000
20.0000
25.5000
28.2000
33.3000
25.6000
24.2000
22.1000
31.4000
23.1000
23.4000
18.8000
30.8000
32.0000
31.6000
35.5000
31.9000
29.5000
31.6000
20.3000
41.3000
21.2000
24.1000
23.0000
25.6000
22.5000
38.2000
19.2000
29.0000
24.0000
20.6000
26.3000
34.6000
23.4000
29.2000
27.2000
27.0000
24.5000
24.1000
25.3000
28.8000
20.9000
23.0000
24.1000
28.1000
18.0000
25.9000
21.5000
24.3000
24.5000
21.3000
25.8000
24.8000
31.5000
33.5000
28.1000
24.3000
35.0000
23.5000
30.0000
20.7000
25.6000
22.9000
25.1000
33.2000
24.1000
29.5000
29.6000
22.8000
22.7000
26.2000
23.5000
22.1000
26.5000
32.4000
30.1000
24.2000
31.3000
30.1000
24.5000
27.7000
23.2000
27.0000
26.8000
29.2000
31.2000
32.1000
25.7000
26.9000
31.4000
25.6000
37.0000
32.6000
21.2000
29.2000
24.0000
36.1000
25.8000
22.0000
21.9000
34.3000
25.2000
23.3000
25.7000
25.1000
31.9000
28.4000
28.1000
25.3000
26.1000
28.0000
23.6000
24.5000
21.0000
32.0000
22.6000
19.7000
21.2000
30.6000
25.5000
23.3000
31.0000
18.5000
26.9000
28.3000
25.7000
36.1000
24.1000
25.8000
22.8000
39.1000
42.2000
26.6000
29.9000
21.0000
25.5000
24.2000
25.4000
23.2000
26.1000
32.7000
27.3000
26.6000
22.8000
28.8000
18.1000
32.0000
23.7000
23.6000
24.6000
22.6000
27.8000
24.1000
26.5000
32.8000
19.9000
23.6000
22.1000
28.1000
26.5000
23.5000
26.0000
27.8000
28.5000
30.6000
22.2000
23.3000
35.4000
31.4000
37.8000
18.9000
35.0000
21.7000
25.3000
23.8000
31.8000
34.3000
26.3000
27.0000
27.2000
33.8000
33.0000
24.1000
21.3000
23.0000
27.9000
33.6000
22.7000
27.4000
22.6000
23.2000
26.9000
34.6000
23.3000
21.1000
23.5000
31.5000
20.8000
26.5000
24.2000
19.5000
28.2000
24.9000
24.9000
30.0000
19.6000
101.0000
87.0000
93.0000
84.0000
101.0000
89.0000
90.0000
114.0000
83.0000
85.0000
97.0000
85.0000
92.0000
97.0000
91.0000
118.0000
109.0000
111.0000
84.0000
83.0000
82.0000
95.0000
92.0000
103.6700
88.0000
83.0000
87.0000
83.0000
73.0000
113.0000
89.0000
71.0000
103.0000
94.0000
78.0000
80.3300
110.0000
78.0000
123.0000
73.0000
101.0000
63.0000
90.3300
74.0000
97.0000
104.0000
85.0000
78.0000
98.0000
93.0000
99.0000
103.0000
93.0000
115.0000
97.0000
84.0000
87.0000
80.0000
105.0000
98.0000
83.0000
79.0000
83.0000
77.0000
83.0000
112.0000
85.0000
89.6700
83.0000
93.0000
91.0000
131.0000
91.0000
94.0000
111.0000
87.0000
115.0000
73.0000
88.0000
87.0000
107.0000
86.0000
87.0000
81.0000
65.3300
95.0000
83.0000
98.0000
75.0000
89.0000
83.0000
79.0000
123.0000
65.0000
91.0000
71.0000
109.0000
87.3300
91.0000
98.0000
88.0000
113.0000
90.0000
98.0000
94.0000
83.0000
82.0000
78.6700
103.3300
95.3300
88.0000
87.0000
87.0000
113.0000
113.0000
93.0000
115.0000
120.0000
102.0000
94.0000
98.0000
101.0000
101.0000
94.3300
97.0000
94.0000
87.0000
91.0000
87.0000
96.0000
125.0000
75.0000
92.0000
83.0000
85.0000
84.0000
78.0000
123.0000
117.0000
110.0000
107.0000
81.0000
106.0000
92.0000
90.0000
113.0000
95.0000
89.0000
89.0000
81.0000
102.0000
93.0000
115.0000
113.0000
93.0000
109.0000
95.0000
89.3300
74.3300
120.0000
73.0000
115.0000
73.0000
117.0000
101.0000
81.0000
84.0000
105.6700
94.0000
109.0000
84.0000
66.0000
97.0000
93.0000
82.0000
87.0000
106.0000
87.3300
87.0000
91.0000
105.0000
79.0000
111.0000
113.0000
88.0000
97.0000
89.0000
87.0000
109.0000
95.0000
103.0000
82.0000
97.0000
76.0000
104.0000
99.0000
85.0000
115.0000
87.0000
104.6700
92.3300
90.0000
105.0000
110.0000
103.0000
99.0000
92.0000
103.0000
117.0000
114.0000
99.0000
101.0000
105.0000
88.0000
88.0000
123.0000
109.0000
124.0000
83.0000
89.0000
93.0000
87.0000
107.0000
76.0000
62.0000
109.0000
87.0000
111.3300
77.0000
86.0000
78.0000
101.0000
91.3300
80.0000
108.0000
111.6700
105.0000
74.6700
112.0000
91.0000
114.0000
96.0000
88.0000
98.0000
89.0000
86.0000
76.6700
83.0000
112.0000
110.0000
116.0000
120.0000
78.3300
97.0000
117.0000
93.0000
81.0000
102.0000
82.3300
107.0000
78.0000
125.0000
123.0000
81.0000
85.0000
89.6700
98.0000
70.0000
115.0000
87.0000
119.0000
107.0000
78.3300
108.0000
105.0000
98.0000
113.0000
95.0000
70.0000
96.0000
106.0000
78.0000
93.0000
85.0000
103.0000
90.0000
72.0000
90.0000
101.0000
83.0000
102.0000
113.0000
85.3300
98.3300
93.0000
83.0000
83.0000
76.0000
81.0000
90.0000
82.6700
110.0000
104.3300
122.0000
110.0000
83.0000
101.0000
96.0000
85.0000
94.0000
105.0000
78.0000
93.0000
110.0000
91.0000
79.0000
95.0000
110.6700
102.0000
108.0000
93.0000
117.6700
112.6700
109.0000
98.0000
75.3300
85.0000
103.0000
77.0000
94.0000
107.0000
84.0000
117.0000
103.0000
88.0000
91.0000
84.0000
115.0000
85.0000
80.0000
133.0000
111.0000
111.0000
121.0000
83.0000
85.0000
104.0000
73.0000
93.0000
82.0000
126.0000
85.0000
81.0000
84.0000
101.0000
99.0000
90.0000
100.0000
87.0000
104.0000
101.0000
103.0000
115.0000
94.6700
89.0000
91.0000
90.0000
99.0000
99.0000
83.0000
78.0000
109.0000
90.0000
93.0000
75.0000
126.0000
93.0000
100.0000
93.0000
101.0000
111.6700
73.0000
88.0000
92.0000
96.0000
109.0000
90.0000
73.0000
111.0000
70.0000
112.0000
76.0000
94.0000
82.0000
111.0000
86.0000
88.0000
85.6700
85.0000
109.0000
121.0000
78.0000
88.0000
93.0000
115.0000
119.0000
70.0000
79.3300
126.0000
111.0000
97.0000
82.0000
113.0000
87.0000
93.3300
80.0000
123.3300
73.0000
87.0000
79.0000
94.6700
101.0000
110.0000
103.0000
89.0000
71.0000
107.3300
93.0000
120.0000
88.0000
80.0000
101.0000
93.0000
86.0000
97.0000
83.0000
80.0000
112.0000
75.0000
99.6700
95.0000
71.0000
157.0000
183.0000
156.0000
198.0000
192.0000
139.0000
160.0000
255.0000
179.0000
180.0000
114.0000
184.0000
186.0000
186.0000
202.0000
254.0000
207.0000
214.0000
162.0000
187.0000
156.0000
162.0000
187.0000
210.0000
167.0000
178.0000
124.0000
158.0000
160.0000
158.0000
182.0000
161.0000
150.0000
157.0000
147.0000
225.0000
195.0000
171.0000
253.0000
191.0000
229.0000
135.0000
153.0000
204.0000
177.0000
181.0000
155.0000
128.0000
191.0000
180.0000
157.0000
159.0000
218.0000
198.0000
204.0000
184.0000
166.0000
124.0000
198.0000
236.0000
141.0000
157.0000
181.0000
204.0000
143.0000
193.0000
174.0000
185.0000
165.0000
134.0000
189.0000
207.0000
264.0000
217.0000
209.0000
181.0000
97.0000
161.0000
140.0000
191.0000
241.0000
197.0000
213.0000
146.0000
168.0000
182.0000
152.0000
235.0000
166.0000
189.0000
167.0000
235.0000
193.0000
187.0000
189.0000
156.0000
186.0000
205.0000
178.0000
209.0000
233.0000
197.0000
216.0000
219.0000
171.0000
166.0000
156.0000
187.0000
144.0000
190.0000
153.0000
206.0000
193.0000
200.0000
199.0000
236.0000
199.0000
222.0000
206.0000
175.0000
162.0000
195.0000
221.0000
300.0000
164.0000
165.0000
149.0000
217.0000
185.0000
196.0000
187.0000
175.0000
214.0000
128.0000
198.0000
154.0000
145.0000
178.0000
166.0000
164.0000
167.0000
214.0000
229.0000
203.0000
204.0000
165.0000
198.0000
200.0000
216.0000
174.0000
164.0000
183.0000
218.0000
186.0000
204.0000
251.0000
162.0000
212.0000
190.0000
199.0000
172.0000
286.0000
172.0000
183.0000
209.0000
162.0000
125.0000
205.0000
234.0000
232.0000
179.0000
134.0000
217.0000
137.0000
119.0000
166.0000
204.0000
206.0000
207.0000
204.0000
181.0000
222.0000
236.0000
186.0000
171.0000
175.0000
218.0000
134.0000
243.0000
187.0000
176.0000
131.0000
203.0000
240.0000
152.0000
208.0000
213.0000
183.0000
149.0000
221.0000
227.0000
182.0000
281.0000
218.0000
169.0000
177.0000
207.0000
198.0000
202.0000
152.0000
229.0000
171.0000
225.0000
188.0000
155.0000
164.0000
228.0000
223.0000
185.0000
141.0000
154.0000
178.0000
150.0000
147.0000
153.0000
160.0000
171.0000
189.0000
189.0000
192.0000
301.0000
195.0000
218.0000
172.0000
194.0000
146.0000
247.0000
189.0000
163.0000
250.0000
182.0000
200.0000
126.0000
165.0000
153.0000
148.0000
247.0000
191.0000
282.0000
224.0000
179.0000
233.0000
207.0000
227.0000
225.0000
184.0000
168.0000
184.0000
194.0000
179.0000
195.0000
215.0000
201.0000
155.0000
156.0000
190.0000
183.0000
244.0000
204.0000
220.0000
162.0000
158.0000
134.0000
243.0000
184.0000
173.0000
280.0000
150.0000
184.0000
170.0000
202.0000
171.0000
253.0000
157.0000
141.0000
198.0000
165.0000
280.0000
221.0000
228.0000
190.0000
234.0000
153.0000
204.0000
177.0000
185.0000
170.0000
161.0000
123.0000
163.0000
186.0000
209.0000
211.0000
231.0000
245.0000
183.0000
161.0000
207.0000
136.0000
247.0000
188.0000
222.0000
174.0000
213.0000
182.0000
212.0000
190.0000
238.0000
211.0000
176.0000
249.0000
229.0000
207.0000
233.0000
246.0000
242.0000
184.0000
207.0000
168.0000
169.0000
187.0000
138.0000
181.0000
177.0000
137.0000
190.0000
256.0000
181.0000
190.0000
244.0000
182.0000
173.0000
184.0000
192.0000
225.0000
220.0000
282.0000
180.0000
186.0000
119.0000
198.0000
130.0000
152.0000
254.0000
269.0000
162.0000
195.0000
177.0000
163.0000
194.0000
179.0000
158.0000
163.0000
155.0000
182.0000
196.0000
219.0000
211.0000
205.0000
171.0000
188.0000
226.0000
199.0000
141.0000
143.0000
215.0000
276.0000
200.0000
185.0000
110.0000
145.0000
158.0000
172.0000
166.0000
257.0000
143.0000
183.0000
153.0000
184.0000
181.0000
202.0000
146.0000
205.0000
168.0000
198.0000
184.0000
143.0000
155.0000
219.0000
201.0000
176.0000
164.0000
186.0000
185.0000
165.0000
113.0000
162.0000
195.0000
212.0000
230.0000
224.0000
136.0000
200.0000
197.0000
269.0000
208.0000
187.0000
178.0000
261.0000
141.0000
190.0000
218.0000
246.0000
217.0000
177.0000
116.0000
231.0000
136.0000
215.0000
223.0000
205.0000
162.0000
231.0000
223.0000
193.0000
177.0000
171.0000
185.0000
225.0000
162.0000
201.0000
250.0000
93.2000
103.2000
93.6000
131.4000
125.4000
64.8000
99.6000
185.0000
119.4000
93.4000
57.6000
144.8000
109.2000
105.4000
115.4000
184.2000
100.2000
147.0000
103.0000
108.2000
87.8000
98.6000
120.4000
85.2000
103.4000
118.4000
54.0000
87.6000
91.4000
54.2000
110.6000
81.2000
107.2000
58.0000
84.2000
112.8000
97.2000
88.0000
163.6000
119.4000
162.2000
69.0000
100.4000
109.0000
118.4000
116.4000
85.0000
68.0000
119.2000
119.4000
91.6000
96.8000
144.0000
129.6000
126.8000
101.0000
96.0000
48.8000
78.4000
146.4000
65.2000
98.0000
106.6000
143.2000
77.2000
125.0000
123.2000
120.8000
100.0000
76.2000
109.6000
132.2000
146.6000
149.4000
126.4000
114.8000
47.2000
97.8000
71.8000
128.2000
149.6000
133.6000
126.4000
81.6000
96.2000
114.8000
105.8000
125.8000
91.8000
105.2000
86.6000
156.8000
102.2000
105.6000
106.8000
97.0000
107.6000
142.6000
106.6000
139.4000
143.8000
115.2000
131.4000
160.6000
104.4000
101.6000
93.2000
141.4000
79.8000
139.4000
89.8000
122.0000
128.0000
128.4000
94.4000
147.0000
128.6000
135.6000
141.0000
88.0000
103.6000
129.2000
156.4000
242.4000
90.6000
74.8000
80.6000
124.2000
112.2000
122.2000
112.4000
108.6000
146.0000
69.6000
115.6000
88.0000
72.0000
105.0000
93.8000
84.2000
114.6000
152.0000
143.8000
119.8000
147.8000
94.6000
135.6000
130.4000
146.2000
102.4000
106.2000
100.2000
158.2000
125.8000
132.2000
170.6000
92.6000
142.8000
126.2000
120.0000
107.0000
199.4000
108.2000
119.0000
106.8000
87.8000
70.2000
116.4000
155.8000
105.2000
105.8000
77.2000
125.6000
73.0000
55.0000
98.6000
132.0000
127.2000
125.8000
141.8000
119.2000
147.4000
172.4000
114.4000
98.8000
99.6000
152.2000
63.0000
160.6000
117.4000
112.2000
66.8000
129.0000
169.0000
83.8000
146.4000
138.6000
124.0000
93.8000
105.4000
146.8000
110.4000
173.6000
151.6000
110.8000
85.4000
140.0000
106.6000
139.6000
104.8000
145.6000
104.8000
135.4000
114.8000
63.6000
95.0000
162.8000
139.0000
124.6000
68.0000
94.2000
116.0000
85.0000
77.0000
89.0000
87.6000
99.6000
105.4000
120.6000
115.0000
215.0000
121.0000
152.0000
93.4000
100.0000
93.4000
160.6000
114.8000
110.6000
140.2000
114.0000
133.0000
72.2000
105.2000
84.2000
78.0000
148.0000
103.6000
197.2000
134.2000
90.4000
146.6000
149.2000
151.6000
107.6000
103.0000
102.8000
100.4000
149.2000
123.7000
95.4000
99.0000
126.6000
94.6000
109.2000
113.6000
92.0000
166.2000
139.4000
108.8000
85.2000
102.0000
73.0000
136.4000
113.4000
105.6000
174.0000
65.6000
128.0000
98.6000
122.2000
96.0000
181.2000
92.2000
86.6000
129.0000
60.2000
195.4000
151.4000
149.4000
126.2000
142.8000
71.6000
142.6000
126.8000
107.2000
99.8000
99.8000
67.2000
101.4000
106.8000
134.6000
132.8000
128.4000
189.8000
125.8000
99.6000
138.2000
63.4000
160.2000
125.0000
154.2000
106.4000
128.0000
114.8000
128.6000
101.8000
162.8000
121.0000
80.6000
174.2000
138.8000
92.4000
112.6000
165.2000
151.6000
116.2000
131.4000
100.6000
96.8000
139.0000
85.8000
108.2000
114.4000
78.6000
111.2000
172.6000
120.0000
130.8000
151.6000
113.0000
116.2000
127.0000
121.0000
156.6000
152.4000
196.8000
107.4000
96.6000
85.4000
104.2000
71.0000
53.4000
113.4000
172.2000
101.6000
125.8000
96.2000
93.6000
126.6000
107.0000
84.6000
98.4000
97.4000
118.6000
118.8000
135.8000
137.0000
109.0000
113.0000
107.4000
103.2000
123.6000
79.0000
70.4000
129.8000
198.6000
144.0000
122.4000
41.6000
87.2000
99.0000
69.0000
97.0000
171.0000
76.4000
104.2000
104.4000
112.2000
104.8000
100.6000
83.2000
138.8000
100.6000
80.6000
101.6000
80.8000
78.2000
136.0000
123.0000
92.8000
81.0000
128.4000
100.2000
97.6000
51.0000
91.8000
140.8000
127.8000
162.0000
139.2000
69.2000
123.8000
120.0000
190.2000
145.6000
127.0000
114.6000
175.6000
78.8000
137.6000
144.2000
156.6000
162.4000
113.0000
43.4000
159.4000
75.4000
129.2000
142.0000
144.4000
85.4000
144.0000
128.2000
122.4000
118.4000
85.4000
113.8000
166.0000
106.6000
125.2000
133.2000
38.0000
70.0000
41.0000
40.0000
52.0000
61.0000
50.0000
56.0000
42.0000
43.0000
46.0000
32.0000
62.0000
49.0000
72.0000
39.0000
70.0000
39.0000
42.0000
60.0000
50.0000
54.0000
56.0000
35.0000
48.0000
34.0000
57.0000
53.0000
48.0000
64.0000
56.0000
66.0000
22.0000
82.0000
52.0000
86.0000
60.0000
58.0000
44.0000
46.0000
43.0000
54.0000
34.0000
82.0000
29.0000
47.0000
51.0000
43.0000
61.0000
30.0000
49.0000
42.0000
57.0000
54.0000
64.0000
73.0000
40.0000
64.0000
99.0000
58.0000
64.0000
28.0000
66.0000
46.0000
49.0000
35.0000
30.0000
46.0000
47.0000
46.0000
69.0000
47.0000
65.0000
48.0000
61.0000
44.0000
35.0000
54.0000
35.0000
53.0000
64.0000
44.0000
77.0000
47.0000
62.0000
54.0000
39.0000
76.0000
60.0000
68.0000
71.0000
47.0000
67.0000
67.0000
69.0000
38.0000
38.0000
41.0000
52.0000
46.0000
58.0000
67.0000
65.0000
40.0000
56.0000
46.0000
52.0000
34.0000
30.0000
35.0000
58.0000
68.0000
49.0000
37.0000
43.0000
37.0000
44.0000
37.0000
39.0000
59.0000
45.0000
40.0000
35.0000
33.0000
56.0000
40.0000
61.0000
71.0000
58.0000
42.0000
48.0000
54.0000
50.0000
49.0000
67.0000
30.0000
63.0000
48.0000
44.0000
42.0000
38.0000
28.0000
51.0000
70.0000
34.0000
53.0000
38.0000
42.0000
55.0000
31.0000
41.0000
64.0000
32.0000
46.0000
49.0000
49.0000
53.0000
46.0000
49.0000
46.0000
51.0000
39.0000
49.0000
48.0000
77.0000
63.0000
46.0000
40.0000
34.0000
37.0000
66.0000
45.0000
45.0000
47.0000
39.0000
52.0000
52.0000
33.0000
69.0000
38.0000
37.0000
59.0000
39.0000
47.0000
41.0000
32.0000
31.0000
63.0000
62.0000
53.0000
37.0000
41.0000
59.0000
39.0000
47.0000
39.0000
60.0000
35.0000
46.0000
60.0000
65.0000
60.0000
55.0000
39.0000
37.0000
50.0000
44.0000
57.0000
42.0000
29.0000
69.0000
50.0000
69.0000
57.0000
78.0000
38.0000
31.0000
54.0000
38.0000
52.0000
53.0000
41.0000
44.0000
53.0000
50.0000
31.0000
58.0000
70.0000
53.0000
61.0000
50.0000
51.0000
39.0000
63.0000
52.0000
33.0000
54.0000
62.0000
29.0000
67.0000
38.0000
52.0000
45.0000
47.0000
56.0000
58.0000
65.0000
69.0000
43.0000
45.0000
41.0000
34.0000
38.0000
45.0000
40.0000
61.0000
37.0000
64.0000
31.0000
42.5000
91.0000
98.0000
44.0000
51.0000
36.0000
52.0000
83.0000
51.0000
36.0000
93.0000
54.0000
39.0000
44.0000
40.0000
46.0000
44.0000
67.0000
68.0000
35.0000
54.0000
55.0000
48.0000
53.0000
55.0000
33.0000
29.0000
88.0000
55.0000
60.0000
38.0000
35.0000
52.0000
71.0000
50.0000
41.0000
53.0000
59.0000
51.0000
41.0000
46.0000
46.0000
58.0000
49.0000
56.0000
39.0000
32.0000
48.0000
42.0000
62.0000
59.0000
46.0000
44.0000
54.0000
47.0000
49.0000
65.0000
41.0000
48.0000
67.0000
67.0000
45.0000
29.0000
25.0000
35.0000
38.0000
38.0000
39.0000
55.0000
47.0000
55.0000
32.0000
39.0000
34.0000
34.0000
48.0000
67.0000
33.0000
39.0000
43.0000
59.0000
55.0000
41.0000
41.0000
60.0000
46.0000
47.0000
44.0000
51.0000
71.0000
23.0000
49.0000
48.0000
82.0000
52.0000
50.0000
46.0000
54.0000
45.0000
61.0000
43.0000
48.0000
64.0000
43.0000
32.0000
39.0000
48.0000
38.0000
44.0000
43.0000
38.0000
70.0000
46.0000
57.0000
49.0000
52.0000
57.0000
43.0000
33.0000
36.0000
56.0000
46.0000
41.0000
38.0000
52.0000
59.0000
51.0000
64.0000
42.0000
44.0000
63.0000
37.0000
55.0000
53.0000
54.0000
31.0000
53.0000
55.0000
46.0000
49.0000
46.0000
69.0000
70.0000
33.0000
44.0000
52.0000
31.0000
59.0000
42.0000
45.0000
39.0000
42.0000
55.0000
54.0000
63.0000
41.0000
38.0000
45.0000
51.0000
69.0000
53.0000
38.0000
38.0000
57.0000
30.0000
37.0000
56.0000
41.0000
48.0000
43.0000
65.0000
42.0000
59.0000
49.0000
83.0000
58.0000
45.0000
75.0000
42.0000
42.0000
43.0000
42.0000
97.0000
4.0000
3.0000
4.0000
5.0000
4.0000
2.0000
3.0000
4.5500
4.0000
4.0000
2.0000
6.0000
3.0000
4.0000
3.0000
7.0000
3.0000
5.0000
4.0000
3.0000
3.0000
3.0000
3.0000
6.0000
4.0000
5.0000
2.0000
3.0000
3.0000
2.0000
3.0000
2.0000
7.0000
2.0000
3.0000
2.6200
3.0000
3.0000
6.0000
4.0000
5.0000
3.0000
4.5000
2.0000
6.0000
4.0000
3.0000
3.0000
3.0000
6.0000
3.0000
4.0000
4.0000
4.0000
3.0000
3.0000
4.1500
2.0000
2.0000
4.0000
2.0000
6.0000
3.0000
4.0000
3.0000
6.0000
6.0000
4.0200
4.0000
3.0000
3.0000
4.0000
4.0000
5.0000
3.0000
4.0000
2.7700
3.0000
4.0000
4.0000
4.0000
5.0000
3.0000
3.0000
2.7100
3.0000
4.0000
3.0000
3.0000
3.0000
2.0000
5.0000
3.0000
2.7900
3.0000
4.0000
5.0000
5.0000
3.0000
5.0000
4.0000
3.0000
3.0000
5.0000
3.0000
4.0000
3.0000
5.5000
4.8000
5.4300
3.0000
3.0000
4.0000
5.0000
4.6300
7.0000
5.0000
6.0000
5.0000
3.0000
4.0000
5.0000
6.0000
9.0900
3.0000
4.0000
2.0000
3.0000
3.0000
5.0000
4.0000
3.0000
4.0000
3.0000
3.0000
5.1000
2.0000
4.0000
4.0000
4.0000
4.0000
7.6000
4.0000
3.0000
6.0000
3.0000
5.0000
4.7600
4.0000
6.0000
4.0000
3.0000
7.0000
4.0000
4.0000
5.0000
3.0000
4.6100
3.8800
4.0000
3.0000
7.0000
4.0000
4.0000
3.0000
3.0000
3.0000
5.1300
7.0000
6.0000
3.0000
3.0000
5.0000
3.0000
3.0000
3.0000
4.0000
6.2400
3.0000
5.0000
5.0000
4.0000
6.0000
4.0000
4.0000
5.0000
7.0000
2.0000
4.0000
4.0000
5.0000
3.0000
3.0000
6.0000
3.0000
5.0000
4.0000
5.0000
3.0000
3.6800
3.4900
3.0000
5.0000
6.0000
5.0000
4.0000
5.0000
3.0000
5.0000
5.0000
3.0000
3.0000
3.0000
3.0000
2.0000
4.0000
8.0000
4.0000
5.0000
3.0000
3.0000
4.0000
3.0000
3.0000
3.0000
5.0000
3.0000
2.7000
4.0000
3.0000
6.0200
4.0000
5.5900
3.0000
3.7300
4.4200
5.0000
3.0500
6.0000
4.0000
5.0000
3.8500
3.0000
4.0000
3.0000
3.0000
3.8000
3.0000
7.0000
5.0000
4.0000
7.0000
5.4500
5.0000
6.0000
3.0000
5.0000
3.0000
6.2600
4.2100
2.0000
2.0000
5.0000
3.0000
4.0000
3.6500
2.0000
5.0000
6.0000
2.0000
3.0000
4.0000
3.0500
6.0000
4.0000
4.0000
4.0000
2.0000
5.0000
3.0000
4.0000
4.0000
5.0000
3.0000
4.0000
7.0000
2.0000
5.0000
4.0000
6.0000
5.0000
4.0000
2.1500
4.0800
4.0000
3.0000
3.0000
3.0000
3.0000
4.0000
4.0400
4.0000
4.3100
4.0000
6.0000
6.0000
3.0000
5.0000
2.1900
4.0000
4.0900
5.0500
3.0000
5.0000
4.0000
3.0000
5.0000
4.9600
3.0000
3.0000
6.0000
7.9000
8.2800
7.0000
7.0000
6.3700
5.0000
4.0000
4.0000
3.0000
6.0000
4.0000
5.0000
5.0000
3.0000
3.0000
8.0000
5.0000
4.0000
4.0000
3.0000
4.0000
4.0000
3.0000
5.0000
5.0000
6.0000
4.0000
3.0000
5.0000
4.0000
3.0000
2.0000
5.0000
5.0000
4.0000
4.0000
4.0000
2.6700
5.0000
4.0000
2.0000
4.0000
4.8400
5.0000
4.0000
6.0000
5.0000
5.0000
4.5000
3.0000
5.0000
4.0000
3.0000
3.0000
4.0000
6.4200
6.0000
5.0000
2.0000
3.1500
4.0000
4.0000
3.0000
4.0000
3.0000
3.0000
4.0000
4.0000
3.0000
5.0000
3.0000
4.0000
3.0000
6.0000
4.0000
3.0000
3.3700
4.0000
4.0000
3.0000
2.0000
6.0000
4.0000
3.0000
4.0000
3.0000
4.6400
4.7100
6.0000
5.0000
2.0000
4.0000
3.0000
6.5600
6.0000
4.1600
3.4900
4.0000
3.0000
5.0000
6.0000
4.0000
7.0000
5.0000
2.0000
5.6300
3.0000
5.0000
3.4000
5.0000
3.0000
4.7000
3.0000
3.0000
4.0000
2.0000
4.0000
5.0000
3.7700
4.7900
3.0000
4.8598
3.8918
4.6728
4.8903
4.2905
4.1897
3.9512
4.2485
4.4773
5.3845
3.9512
3.5835
4.3041
5.0626
4.2905
5.0370
5.2149
4.9416
4.4427
4.5433
4.5109
3.8501
3.9703
6.1070
4.3567
4.8520
4.1744
4.4659
4.6347
5.2933
4.3438
4.2341
4.6444
4.4427
3.9890
4.8752
5.2417
4.8283
5.4250
4.8520
4.7791
4.0943
4.5326
4.1744
4.9972
4.4773
4.5539
4.4427
3.9890
5.0304
4.4067
4.6151
4.4427
4.2767
4.1897
3.9120
5.0106
4.0254
4.6347
5.0626
4.0775
5.0434
3.7377
4.3041
4.4308
5.1059
4.6444
4.5109
4.4998
4.0775
3.9512
4.9345
5.5683
4.5850
4.6821
4.7095
4.3041
3.8286
5.1120
3.8918
4.9200
4.5747
3.8712
4.4659
3.8918
4.1897
3.5835
5.1120
4.2627
4.3694
3.8501
5.0499
4.7791
4.2767
4.1897
4.6540
5.3083
4.6728
4.5747
4.7707
5.0499
4.3041
4.5850
4.5218
3.9703
4.5218
3.9890
4.0604
5.1417
4.3567
3.2581
4.3820
4.3820
5.1533
5.7301
5.5607
4.8828
5.5094
4.8675
4.9416
4.2047
4.8598
4.9972
4.8122
4.4659
5.5255
3.6109
4.6913
4.3041
5.0689
4.8903
4.1271
4.4998
3.8501
4.3438
5.1985
3.9120
4.8283
4.9488
5.2417
4.2767
5.1358
5.1417
4.1897
4.7095
4.4659
4.8040
4.9273
4.3041
5.3132
4.4308
4.5433
4.9345
4.2627
4.7362
5.0562
4.4067
4.7536
4.3041
5.1059
4.2485
5.4723
4.3041
4.3820
4.8363
4.0254
3.7842
5.4931
5.3982
6.1070
3.5835
4.0775
5.4467
4.4427
4.8283
4.3438
4.6052
5.4337
4.1109
4.7958
4.8203
4.3567
4.8122
4.8122
5.0499
5.3799
5.1591
3.6889
4.6250
4.4188
4.8978
4.7536
4.3175
5.0752
4.6634
4.7274
4.2767
4.7875
3.8286
5.6276
4.3307
4.0604
5.5683
4.9200
4.6634
5.3375
4.7449
5.1475
4.6250
4.5109
4.2767
4.3944
4.6347
4.3944
4.2047
5.0434
5.1417
5.0106
4.7185
4.6540
3.5264
4.6540
4.6540
4.4427
4.2485
5.3327
4.2047
4.2195
4.3438
4.3820
5.1930
4.7449
4.9053
4.3567
5.3471
4.5850
5.0876
4.1109
4.7622
5.3660
5.0106
4.3175
3.7842
4.1589
4.1589
4.0943
5.1358
4.5218
5.3423
5.4116
5.4723
5.5683
4.5951
5.0239
5.9584
4.6052
4.9488
4.5850
4.2341
4.1589
3.7612
4.4998
5.0239
3.8501
3.9890
4.8040
3.6889
4.8978
4.9628
4.5109
4.7362
4.4427
4.4427
5.8081
4.8122
4.7622
5.2730
4.4067
4.6540
4.4659
4.8203
4.9053
4.5433
3.8918
4.6728
5.2983
4.4308
4.9972
3.8712
5.3132
4.9698
5.2781
3.9512
4.0431
3.8286
4.8203
4.0254
3.9318
4.3041
4.3567
5.1120
4.4067
4.9836
5.4510
4.3944
4.8363
4.2047
4.8978
3.9703
4.9345
4.4427
4.7791
4.2195
5.2470
4.5109
4.5218
5.4638
4.9127
4.7449
4.9558
5.0039
5.7236
6.1048
6.0568
5.3660
5.5683
4.9698
4.6347
4.6250
4.4543
4.3820
4.1897
5.2679
4.9628
3.9512
4.0775
5.5294
4.7005
4.3944
5.1180
4.2485
4.3694
4.3820
4.0073
4.7185
4.6347
5.3279
4.6821
4.5218
3.9703
5.4116
4.0073
4.4188
6.0936
5.4553
4.2767
4.3307
5.1874
3.7377
4.8040
4.7875
3.8501
4.6821
4.8520
4.8040
4.9836
5.4205
5.0106
5.5797
4.5850
3.9703
5.9506
4.5218
4.1744
4.6347
4.9488
5.1475
4.7449
4.8903
4.1271
4.0775
4.4998
5.7838
4.4427
4.9053
4.3567
4.3041
3.4965
4.9345
4.1897
5.7746
3.6636
4.1897
4.2047
6.0684
4.9904
3.5835
5.0370
5.1358
5.0752
4.2627
4.1744
4.8122
5.3181
4.3438
5.0434
4.0254
4.1109
5.2781
4.9767
5.3660
4.0775
4.7095
4.2485
5.2417
4.8040
4.3175
4.1271
4.4067
3.8286
4.2767
5.1874
5.0876
4.8122
4.9053
4.4188
5.0304
4.1431
5.3660
4.3567
4.5326
4.4773
5.2523
4.0775
4.1431
4.2195
3.9703
4.9836
4.4427
4.1271
5.1299
4.5951
87.0000
69.0000
85.0000
89.0000
80.0000
68.0000
82.0000
92.0000
94.0000
88.0000
83.0000
77.0000
81.0000
88.0000
73.0000
81.0000
98.0000
91.0000
87.0000
78.0000
95.0000
87.0000
88.0000
124.0000
78.0000
83.0000
90.0000
101.0000
78.0000
104.0000
89.0000
81.0000
98.0000
92.0000
75.0000
96.0000
85.0000
90.0000
97.0000
92.0000
114.0000
89.0000
83.0000
109.0000
87.0000
79.0000
70.0000
71.0000
86.0000
88.0000
93.0000
86.0000
88.0000
103.0000
93.0000
93.0000
87.0000
75.0000
79.0000
96.0000
83.0000
96.0000
85.0000
74.0000
94.0000
95.0000
96.0000
92.0000
92.0000
96.0000
101.0000
106.0000
87.0000
89.0000
109.0000
98.0000
95.0000
91.0000
71.0000
85.0000
90.0000
91.0000
72.0000
81.0000
60.0000
74.0000
83.0000
82.0000
108.0000
96.0000
94.0000
96.0000
94.0000
78.0000
69.0000
90.0000
99.0000
110.0000
75.0000
78.0000
91.0000
100.0000
91.0000
84.0000
76.0000
96.0000
71.0000
90.0000
101.0000
117.0000
95.0000
80.0000
92.0000
113.0000
97.0000
92.0000
98.0000
124.0000
105.0000
98.0000
86.0000
94.0000
103.0000
109.0000
88.0000
93.0000
78.0000
68.0000
74.0000
120.0000
109.0000
72.0000
97.0000
84.0000
80.0000
105.0000
86.0000
88.0000
109.0000
90.0000
95.0000
123.0000
91.0000
81.0000
93.0000
79.0000
93.0000
101.0000
91.0000
82.0000
89.0000
88.0000
109.0000
94.0000
92.0000
103.0000
83.0000
98.0000
79.0000
87.0000
80.0000
112.0000
91.0000
106.0000
88.0000
88.0000
66.0000
117.0000
122.0000
96.0000
87.0000
80.0000
112.0000
78.0000
93.0000
92.0000
96.0000
99.0000
84.0000
89.0000
91.0000
76.0000
89.0000
105.0000
99.0000
87.0000
82.0000
66.0000
89.0000
85.0000
90.0000
89.0000
77.0000
96.0000
97.0000
97.0000
94.0000
100.0000
77.0000
93.0000
102.0000
98.0000
84.0000
98.0000
110.0000
85.0000
92.0000
100.0000
120.0000
88.0000
77.0000
86.0000
96.0000
93.0000
78.0000
117.0000
103.0000
102.0000
88.0000
84.0000
75.0000
82.0000
96.0000
79.0000
89.0000
92.0000
78.0000
93.0000
79.0000
94.0000
108.0000
94.0000
99.0000
82.0000
105.0000
103.0000
94.0000
91.0000
86.0000
103.0000
96.0000
105.0000
74.0000
81.0000
90.0000
60.0000
77.0000
69.0000
101.0000
93.0000
100.0000
101.0000
84.0000
108.0000
113.0000
93.0000
94.0000
79.0000
105.0000
93.0000
87.0000
95.0000
92.0000
87.0000
86.0000
101.0000
92.0000
98.0000
109.0000
82.0000
95.0000
93.0000
69.0000
100.0000
95.0000
108.0000
86.0000
95.0000
99.0000
85.0000
87.0000
92.0000
98.0000
84.0000
78.0000
86.0000
90.0000
90.0000
87.0000
83.0000
102.0000
77.0000
82.0000
91.0000
83.0000
92.0000
77.0000
78.0000
88.0000
91.0000
102.0000
100.0000
98.0000
86.0000
88.0000
75.0000
88.0000
111.0000
72.0000
111.0000
99.0000
97.0000
84.0000
91.0000
82.0000
91.0000
101.0000
108.0000
99.0000
106.0000
92.0000
106.0000
111.0000
105.0000
96.0000
103.0000
98.0000
90.0000
96.0000
102.0000
95.0000
90.0000
100.0000
99.0000
78.0000
77.0000
104.0000
92.0000
77.0000
95.0000
84.0000
87.0000
97.0000
93.0000
84.0000
91.0000
95.0000
84.0000
91.0000
74.0000
124.0000
81.0000
82.0000
92.0000
106.0000
94.0000
73.0000
77.0000
80.0000
106.0000
101.0000
97.0000
101.0000
94.0000
115.0000
115.0000
103.0000
99.0000
111.0000
98.0000
73.0000
87.0000
86.0000
91.0000
72.0000
96.0000
91.0000
76.0000
82.0000
97.0000
85.0000
78.0000
100.0000
93.0000
82.0000
88.0000
92.0000
73.0000
82.0000
70.0000
109.0000
79.0000
107.0000
86.0000
93.0000
78.0000
83.0000
97.0000
75.0000
96.0000
89.0000
101.0000
102.0000
101.0000
89.0000
84.0000
58.0000
96.0000
101.0000
90.0000
81.0000
85.0000
112.0000
96.0000
93.0000
92.0000
100.0000
92.0000
93.0000
90.0000
106.0000
95.0000
89.0000
80.0000
97.0000
79.0000
112.0000
99.0000
123.0000
82.0000
87.0000
91.0000
117.0000
89.0000
99.0000
82.0000
80.0000
93.0000
102.0000
95.0000
85.0000
92.0000
